%YAML:1.0
---
image_width: 1920
image_height: 1080
camera_matrix: !!opencv-matrix
   rows: 3
   cols: 3
   dt: d
   data: [ 1.0481579383976589e+03, 0., 9.6544603300856954e+02, 0.,
       1.0476178919079366e+03, 5.0316697526036728e+02, 0., 0., 1. ]
distortion_coefficients: !!opencv-matrix
   rows: 1
   cols: 5
   dt: d
   data: [ -3.8618174384917736e-01, 1.5980159680948824e-01,
       1.3525519772296037e-03, 1.3032960982633187e-03,
       -3.2844815192570001e-02 ]
